-1.0
-0.9797979797979799
-0.9595959595959596
-0.9393939393939394
-0.9191919191919191
-0.898989898989899
-0.8787878787878787
-0.8585858585858586
-0.8383838383838385
-0.8181818181818181
-0.797979797979798
-0.7777777777777777
-0.7575757575757576
-0.7373737373737375
-0.7171717171717171
-0.696969696969697
-0.6767676767676767
-0.6565656565656566
-0.6363636363636362
-0.6161616161616161
-0.595959595959596
-0.5757575757575757
-0.5555555555555556
-0.5353535353535352
-0.5151515151515151
-0.49494949494949486
-0.4747474747474747
-0.45454545454545453
-0.43434343434343425
-0.41414141414141414
-0.39393939393939387
-0.3737373737373737
-0.3535353535353534
-0.33333333333333326
-0.3131313131313131
-0.2929292929292928
-0.2727272727272727
-0.25252525252525243
-0.23232323232323226
-0.2121212121212121
-0.19191919191919182
-0.17171717171717166
-0.15151515151515144
-0.13131313131313127
-0.111111111111111
-0.09090909090909083
-0.07070707070707066
-0.050505050505050386
-0.030303030303030276
-0.01010101010101
0.010101010101010166
0.030303030303030443
0.05050505050505061
0.07070707070707077
0.09090909090909105
0.11111111111111116
0.13131313131313144
0.1515151515151516
0.17171717171717177
0.19191919191919204
0.2121212121212122
0.23232323232323243
0.2525252525252526
0.2727272727272729
0.29292929292929304
0.3131313131313132
0.3333333333333335
0.35353535353535365
0.37373737373737387
0.39393939393939403
0.4141414141414143
0.4343434343434345
0.45454545454545464
0.4747474747474749
0.49494949494949503
0.5151515151515154
0.5353535353535355
0.5555555555555556
0.5757575757575759
0.595959595959596
0.6161616161616164
0.6363636363636365
0.6565656565656568
0.6767676767676769
0.696969696969697
0.7171717171717173
0.7373737373737375
0.7575757575757578
0.7777777777777779
0.7979797979797982
0.8181818181818183
0.8383838383838385
0.8585858585858588
0.8787878787878789
0.8989898989898992
0.9191919191919193
0.9393939393939394
0.9595959595959598
0.9797979797979799
1.0
